# Blender v2.69 (sub 0) OBJ File: 'asoldier2.blend'
# www.blender.org
mtllib nsoldier.mtl
o Cube.032
v 0.573296 1.200647 0.283813
v 0.398295 1.135975 0.257368
v 0.345296 1.319675 0.158848
v 0.520296 1.384347 0.185292
v 0.441746 1.386204 0.700570
v 0.266745 1.321532 0.674126
v 0.213746 1.505233 0.575606
v 0.388746 1.569905 0.602050
vn 0.277071 -0.390821 -0.877776
vn -0.277070 0.390822 0.877776
vn 0.246414 -0.854088 0.458055
vn -0.928715 -0.343211 -0.140339
vn -0.246414 0.854088 -0.458055
vn 0.928715 0.343210 0.140339
vn -0.277072 0.390821 0.877776
vn 0.246413 -0.854088 0.458055
vn -0.928716 -0.343209 -0.140339
vn 0.928715 0.343210 0.140340
usemtl Material
s off
f 1//1 2//1 4//1
f 5//2 8//2 6//2
f 1//3 5//3 2//3
f 2//4 6//4 3//4
f 3//5 7//5 4//5
f 5//6 1//6 8//6
f 2//1 3//1 4//1
f 8//7 7//7 6//7
f 5//8 6//8 2//8
f 6//9 7//9 3//9
f 7//5 8//5 4//5
f 1//10 4//10 8//10
o Cube.031
v 0.329637 1.396706 -0.276723
v 0.166547 1.322261 -0.218700
v 0.122910 1.502622 -0.109948
v 0.286000 1.577066 -0.167971
v 0.547076 1.218588 0.105923
v 0.383986 1.144144 0.163946
v 0.340349 1.324504 0.272698
v 0.503439 1.398949 0.214676
vn -0.457970 0.375151 -0.805931
vn 0.457970 -0.375152 0.805931
vn 0.202883 -0.838557 -0.505628
vn -0.865506 -0.395072 0.307923
vn -0.202883 0.838558 0.505627
vn 0.865507 0.395072 -0.307923
vn -0.457971 0.375152 -0.805930
vn 0.202883 -0.838559 -0.505627
vn -0.865507 -0.395072 0.307922
vn -0.202882 0.838558 0.505627
usemtl Material
s off
f 9//11 10//11 12//11
f 13//12 16//12 14//12
f 9//13 13//13 10//13
f 10//14 14//14 11//14
f 11//15 15//15 12//15
f 13//16 9//16 16//16
f 10//17 11//17 12//17
f 16//12 15//12 14//12
f 13//18 14//18 10//18
f 14//19 15//19 11//19
f 15//20 16//20 12//20
f 9//16 12//16 16//16
o Cube.030
v -0.250399 1.469433 -1.030968
v -0.187231 1.643430 -0.995728
v 0.011255 1.565612 -0.967288
v -0.051913 1.391615 -1.002528
v -0.340495 1.408538 -0.568801
v -0.277327 1.582535 -0.533561
v -0.078842 1.504717 -0.505121
v -0.142010 1.330720 -0.540361
vn 0.189760 0.128258 -0.973417
vn -0.189761 -0.128258 0.973417
vn -0.922829 0.361805 -0.132228
vn 0.335228 0.923389 0.187016
vn 0.922829 -0.361805 0.132228
vn -0.335228 -0.923389 -0.187016
vn 0.189761 0.128258 -0.973417
vn -0.189761 -0.128257 0.973417
vn 0.922829 -0.361805 0.132227
vn -0.335227 -0.923389 -0.187016
usemtl Material
s off
f 17//21 18//21 20//21
f 21//22 24//22 22//22
f 17//23 21//23 18//23
f 18//24 22//24 19//24
f 19//25 23//25 20//25
f 21//26 17//26 24//26
f 18//27 19//27 20//27
f 24//28 23//28 22//28
f 21//23 22//23 18//23
f 22//24 23//24 19//24
f 23//29 24//29 20//29
f 17//30 20//30 24//30
o Cube.029
v -0.339904 1.382343 -0.485091
v -0.306995 1.563298 -0.526072
v -0.096618 1.532362 -0.493732
v -0.129528 1.351407 -0.452751
v -0.393608 1.495809 -0.027199
v -0.360698 1.676764 -0.068180
v -0.150322 1.645828 -0.035840
v -0.183231 1.464873 0.005141
vn 0.113110 -0.238982 -0.964414
vn -0.113111 0.238982 0.964414
vn -0.978113 0.143831 -0.150359
vn 0.174646 0.960312 -0.217483
vn 0.978113 -0.143832 0.150359
vn -0.174646 -0.960312 0.217483
vn -0.113111 0.238983 0.964413
vn -0.978113 0.143832 -0.150358
usemtl Material
s off
f 25//31 26//31 28//31
f 29//32 32//32 31//32
f 25//33 29//33 26//33
f 26//34 30//34 27//34
f 27//35 31//35 28//35
f 29//36 25//36 32//36
f 26//31 27//31 28//31
f 30//37 29//37 31//37
f 29//38 30//38 26//38
f 30//34 31//34 27//34
f 31//35 32//35 28//35
f 25//36 28//36 32//36
o Cube.028
v -0.159373 1.578607 0.149082
v 0.139128 1.578607 0.132197
v 0.157002 1.578607 0.448184
v -0.141500 1.578607 0.465068
v -0.159373 1.930594 0.149082
v 0.139128 1.930594 0.132197
v 0.159006 1.930594 0.483622
v -0.139495 1.930594 0.500506
v -0.105282 1.645374 0.101146
v 0.079977 1.645374 0.090667
v -0.151602 1.863827 0.098942
v 0.125753 1.863827 0.083254
v -0.104188 1.645374 0.120493
v 0.081071 1.645374 0.110014
v -0.149964 1.863827 0.127906
v 0.127392 1.863827 0.112218
vn -0.046893 -0.557224 -0.829037
vn 0.998404 0.000000 -0.056473
vn 0.056188 -0.100333 0.993366
vn -0.998404 0.000000 0.056473
vn 0.000000 -1.000000 0.000001
vn 0.000000 1.000000 0.000000
vn 0.000000 1.000000 -0.000017
vn 0.574615 0.000000 -0.818424
vn -0.045326 0.596499 -0.801333
vn -0.663240 0.000000 -0.748407
vn -0.056460 0.022043 -0.998161
vn -0.976869 0.206575 0.055258
vn 0.000000 -1.000000 0.000000
vn 0.976869 0.206576 -0.055256
vn 0.000000 -1.000000 -0.000001
vn 0.000000 1.000000 0.000017
vn 0.978755 -0.204696 0.011765
vn -0.045326 0.596503 -0.801330
vn -0.971185 -0.204696 0.122062
vn -0.056460 0.022043 -0.998162
vn -0.976869 0.206575 0.055256
vn 0.976869 0.206575 -0.055255
usemtl None
s off
f 34//39 33//39 42//39
f 38//40 39//40 34//40
f 39//41 40//41 35//41
f 40//42 37//42 33//42
f 33//43 34//43 36//43
f 40//44 39//44 37//44
f 42//45 41//45 46//45
f 38//46 34//46 42//46
f 37//47 38//47 43//47
f 33//48 37//48 41//48
f 47//49 48//49 45//49
f 44//50 42//50 48//50
f 43//51 44//51 47//51
f 41//52 43//52 45//52
f 33//39 41//39 42//39
f 39//40 35//40 34//40
f 40//41 36//41 35//41
f 36//42 40//42 33//42
f 34//53 35//53 36//53
f 39//44 38//44 37//44
f 41//54 45//54 46//54
f 44//55 38//55 42//55
f 38//56 44//56 43//56
f 37//57 43//57 41//57
f 48//58 46//58 45//58
f 42//59 46//59 48//59
f 44//51 48//51 47//51
f 43//60 47//60 45//60
o Cube.027
v -0.072634 1.003500 -0.011857
v 0.332148 1.003500 0.455222
v 0.093554 1.003500 0.661994
v -0.311229 1.003500 0.194914
v -0.072634 1.478289 -0.011857
v 0.332148 1.478289 0.455222
v 0.093554 1.478289 0.661994
v -0.311229 1.478289 0.194914
vn 0.755705 0.000000 -0.654913
vn 0.654913 0.000000 0.755705
vn -0.755705 0.000000 0.654913
vn -0.654913 0.000000 -0.755705
vn 0.000000 -1.000000 0.000000
vn 0.000000 1.000000 0.000000
vn 0.755705 0.000000 -0.654912
vn -0.755705 0.000000 0.654912
usemtl None
s off
f 53//61 54//61 49//61
f 54//62 55//62 50//62
f 55//63 56//63 51//63
f 56//64 53//64 52//64
f 49//65 50//65 52//65
f 56//66 55//66 53//66
f 54//67 50//67 49//67
f 55//62 51//62 50//62
f 56//68 52//68 51//68
f 53//64 49//64 52//64
f 50//65 51//65 52//65
f 55//66 54//66 53//66
o Cube.026
v 0.442376 0.120574 0.918040
v 0.308096 0.047585 0.807820
v 0.458045 -0.016462 0.667553
v 0.592324 0.056527 0.777774
v 0.405138 0.534836 0.689077
v 0.270859 0.461847 0.578856
v 0.420807 0.397800 0.438590
v 0.555087 0.470789 0.548811
vn 0.078429 -0.872519 0.482243
vn -0.078429 0.872520 -0.482243
vn -0.697162 0.297776 0.652146
vn -0.712611 -0.387349 -0.584933
vn 0.697162 -0.297776 -0.652146
vn 0.712610 0.387349 0.584933
vn 0.078429 -0.872520 0.482243
vn -0.697163 0.297776 0.652145
vn 0.712610 0.387349 0.584934
usemtl Material
s off
f 57//69 58//69 60//69
f 61//70 64//70 62//70
f 57//71 61//71 58//71
f 58//72 62//72 59//72
f 59//73 63//73 60//73
f 61//74 57//74 64//74
f 58//75 59//75 60//75
f 64//70 63//70 62//70
f 61//76 62//76 58//76
f 62//72 63//72 59//72
f 63//73 64//73 60//73
f 57//77 60//77 64//77
o Cube.025
v 0.463377 0.578769 0.642445
v 0.290153 0.505780 0.629300
v 0.332387 0.441733 0.428364
v 0.505612 0.514722 0.441509
v 0.301428 0.993031 0.476363
v 0.128203 0.920042 0.463218
v 0.170437 0.855995 0.262281
v 0.343662 0.928984 0.275426
vn 0.341098 -0.872519 0.349803
vn -0.341098 0.872520 -0.349803
vn -0.196361 0.297776 0.934223
vn -0.919290 -0.387349 -0.069758
vn 0.196362 -0.297776 -0.934222
vn 0.919290 0.387349 0.069759
vn 0.341097 -0.872520 0.349803
vn -0.196363 0.297776 0.934222
vn -0.919290 -0.387349 -0.069759
vn 0.196361 -0.297776 -0.934223
usemtl Material
s off
f 65//78 66//78 68//78
f 69//79 72//79 70//79
f 65//80 69//80 66//80
f 66//81 70//81 67//81
f 67//82 71//82 68//82
f 69//83 65//83 72//83
f 66//84 67//84 68//84
f 72//79 71//79 70//79
f 69//85 70//85 66//85
f 70//86 71//86 67//86
f 71//87 72//87 68//87
f 65//83 68//83 72//83
o Cube.024
v -0.205467 0.520265 -0.005431
v -0.383086 0.520265 0.057486
v -0.437515 0.660580 -0.096171
v -0.259895 0.660580 -0.159087
v -0.102047 0.880105 0.286534
v -0.279667 0.880106 0.349450
v -0.334095 1.020421 0.195793
v -0.156476 1.020421 0.132877
vn -0.217823 -0.757897 -0.614935
vn 0.217823 0.757897 0.614935
vn 0.253056 -0.652374 0.714402
vn -0.942611 -0.000000 0.333892
vn -0.253056 0.652374 -0.714402
vn 0.942611 -0.000000 -0.333892
vn 0.217822 0.757897 0.614935
vn 0.253055 -0.652374 0.714403
vn -0.942611 0.000001 0.333892
usemtl Material
s off
f 73//88 74//88 76//88
f 77//89 80//89 78//89
f 73//90 77//90 74//90
f 74//91 78//91 75//91
f 75//92 79//92 76//92
f 77//93 73//93 80//93
f 74//88 75//88 76//88
f 80//94 79//94 78//94
f 77//95 78//95 74//95
f 78//96 79//96 75//96
f 79//92 80//92 76//92
f 73//93 76//93 80//93
o Cube.023
v -0.230443 0.051027 -0.022402
v -0.412560 0.055965 0.025727
v -0.466859 0.074086 -0.181599
v -0.284743 0.069149 -0.229728
v -0.208233 0.523963 0.013120
v -0.390349 0.528901 0.061248
v -0.444649 0.547023 -0.146078
v -0.262533 0.542085 -0.194207
vn -0.046779 -0.996100 -0.074815
vn 0.046779 0.996100 0.074815
vn 0.252458 -0.084255 0.963933
vn -0.966477 0.026204 0.255414
vn -0.252457 0.084255 -0.963933
vn 0.966477 -0.026204 -0.255414
vn 0.252457 -0.084255 0.963933
vn -0.966476 0.026204 0.255414
vn 0.966476 -0.026204 -0.255414
usemtl Material
s off
f 81//97 82//97 84//97
f 85//98 88//98 86//98
f 81//99 85//99 82//99
f 82//100 86//100 83//100
f 83//101 87//101 84//101
f 85//102 81//102 88//102
f 82//97 83//97 84//97
f 88//98 87//98 86//98
f 85//103 86//103 82//103
f 86//104 87//104 83//104
f 87//101 88//101 84//101
f 81//105 84//105 88//105
